BeadsKnot,0
Nodes,12
420.0,140.0,-0.52861536,61.521202,241.88655,184.63127,54.207096
528.2833,229.01666,-1.186137,51.599903,5.0,46.764206,5.0
492.0,355.0,2.572638,52.881477,42.35356,109.45203,46.846554
404.0,410.0,2.962832,37.47875,5.0,35.270836,5.0
328.4,356.30554,1.8976699,53.521027,149.44345,31.500862,44.069504
217.2202,604.4608,1.9733433,86.9498,5.0,245.90276,5.0
410.9162,327.80426,-0.026502267,20.886038,5.0,25.034363,5.0
634.38965,596.76263,-1.5221381,126.71028,5.0,97.70107,5.0
43.98388,498.43057,1.4792697,299.2184,5.0,501.8984,5.0
323.37585,227.7526,0.7934592,46.811684,5.0,43.82129,5.0
872.6366,442.78275,1.674064,290.9847,5.0,290.49057,5.0
470.7022,864.1844,-0.48120096,234.32094,111.491394,75.24054,218.34958
Edges,16
0,0,1,2
0,1,10,0
0,2,8,0
0,3,9,0
1,0,2,3
2,0,6,0
2,1,3,2
2,2,7,2
3,0,4,2
4,0,9,2
4,1,5,0
4,3,6,2
5,2,11,2
7,0,11,1
8,2,11,3
10,2,11,0
Region,0
BeadsKnotEnd
