BeadsKnot,0
Nodes,18
140.0,258.0,-0.8850668,60.357285,34.296333,128.12383,272.456
228.0,289.0,0.0,59.275272,5.0,18.180874,5.0
316.0,240.0,0.63274884,56.673237,58.703815,24.710182,129.81631
453.65887,213.11,0.42435503,59.970318,5.0,51.514233,5.0
588.0,179.0,-0.38050637,39.982918,70.267365,47.32011,50.707874
669.0,228.0,-0.7419473,29.122934,5.0,30.065004,5.0
645.0,298.0,-2.4037776,62.406372,44.4091,30.113014,33.016243
652.0,410.0,-0.551655,34.041386,40.741543,38.90897,115.01835
697.0,480.0,-1.7033478,36.452137,5.0,28.115805,5.0
639.0,552.0,-2.1293957,50.292107,40.538624,33.978497,16.021507
611.0,624.0,-1.4464413,53.72224,5.0,16.829317,5.0
676.0,695.0,-0.7022569,184.60893,46.450623,25.048029,135.32156
296.0,810.0,2.8023,273.22543,5.0,189.64731,5.0
203.0,218.0,0.0,37.00643,5.0,24.182312,5.0
422.0,541.0,-1.1071488,102.54253,5.0,111.44779,5.0
696.0,638.0,2.003204,37.49813,5.0,7.426696,5.0
594.0,263.0,1.7818897,20.25971,5.0,20.783718,5.0
337.0,80.0,-2.9304993,85.98274,5.0,199.90224,5.0
Edges,25
0,0,1,2
0,1,13,2
0,2,17,0
0,3,12,0
1,0,2,2
2,0,3,2
2,1,13,0
2,3,14,2
3,0,4,2
4,0,5,2
4,1,17,2
4,3,16,0
5,0,6,2
6,0,7,2
6,1,7,1
6,3,16,2
7,0,8,2
7,3,9,3
8,0,9,2
9,0,10,2
9,1,15,0
10,0,11,2
11,0,12,2
11,1,15,2
11,3,14,0
Region,0
BeadsKnotEnd
