BeadsKnot,0
Nodes,34
339.34445,298.36667,-0.2669962,80.40274,51.78807,35.535698,119.564804
988.22,301.93665,-0.8027112,135.11893,155.64423,63.061493,83.920074
674.7364,621.7366,-2.4408617,114.36422,5.0,138.73383,5.0
504.51108,349.3111,-2.951894,60.299667,61.46065,55.221737,94.70695
134.13661,515.5881,0.85872996,107.72406,5.0,151.77576,5.0
265.27777,246.74445,-0.7909187,32.791786,5.0,50.829674,5.0
606.01556,511.0351,-0.3847379,53.53928,5.0,85.323746,5.0
703.88446,747.5378,2.9574583,62.98101,5.0,40.235878,5.0
547.83795,-7.870581,0.05335668,125.48558,5.0,223.92653,5.0
846.5011,113.44334,-2.403759,100.47156,49.941067,99.54507,114.40282
1053.1553,101.85791,-1.2147045,30.437355,5.0,74.18194,5.0
871.9066,1000.61084,-0.018575821,127.870804,5.0,88.63737,5.0
639.06055,1119.9441,2.8698738,235.25148,5.0,419.9722,5.0
406.86667,560.99335,1.2353293,32.44422,5.0,57.887802,5.0
615.66,924.6367,0.0926095,109.45355,5.0,86.30414,5.0
507.66888,595.7156,1.2218094,41.58114,5.0,40.398537,5.0
642.0588,362.20245,2.630988,46.896442,5.0,47.467823,5.0
894.72003,229.06226,1.8133011,45.888866,5.0,38.027634,5.0
1132.06,605.5338,1.710121,117.64078,5.0,128.2651,5.0
155.2167,801.26904,-0.8698175,202.2317,53.484673,90.259766,182.97955
302.31113,137.8889,3.0465493,182.82475,35.064568,35.02311,35.00852
370.76666,197.36667,2.1771545,32.710663,5.0,33.445328,5.0
685.9049,247.46155,-2.721742,66.111206,5.0,62.885246,5.0
724.9111,445.97775,-2.3413637,59.125942,27.53212,55.640873,41.856323
862.251,417.96234,-2.7956038,50.606964,5.0,51.747444,5.0
496.30106,721.6028,-0.47921348,60.54506,5.0,41.500988,5.0
11.434056,452.65594,1.4448564,181.6917,5.0,137.85152,5.0
291.06668,737.26666,-2.0624664,56.921722,5.0,61.525425,5.0
476.34668,514.67334,1.8969709,63.961075,30.25697,29.657534,27.181715
939.0049,787.6637,2.8456523,116.78587,5.0,70.3297,5.0
1063.0867,916.1633,2.123443,64.180756,51.98112,112.91733,109.72549
772.30005,822.88336,2.2290936,36.52874,48.7194,63.98722,30.181683
592.6422,754.62,1.6015841,25.811771,26.46308,45.66452,33.86303
421.02,651.06,2.0049505,18.979073,56.253666,34.945057,36.853123
Edges,46
0,0,3,0
0,1,21,2
0,2,5,0
0,3,4,0
1,0,18,0
1,1,10,0
1,2,17,2
1,3,24,2
2,0,32,0
2,2,23,1
3,1,28,0
3,2,16,0
3,3,22,0
4,2,19,2
5,2,20,1
6,0,23,0
6,2,28,3
7,0,32,3
7,2,31,0
8,0,9,3
8,2,20,3
9,0,22,2
9,1,17,0
9,2,10,2
11,0,30,1
11,2,31,2
12,0,19,0
12,2,30,2
13,0,28,1
13,2,33,0
14,0,31,1
14,2,32,2
15,0,28,2
15,2,33,3
16,2,23,3
18,2,30,3
19,1,27,0
19,3,26,2
20,0,26,0
20,2,21,0
23,2,24,0
25,0,32,1
25,2,33,2
27,2,33,1
29,0,31,3
29,2,30,0
Region,0
BeadsKnotEnd
