BeadsKnot,0
Nodes,35
339.34445,298.36667,-0.37187934,40.11467,62.643253,36.97917,106.75351
988.22,301.93665,-0.98642296,414.99265,133.33113,61.214485,89.77118
504.51108,349.3111,3.043945,39.024452,36.063965,58.886692,77.74041
265.27777,246.74445,-0.7564108,30.636042,5.0,50.84448,5.0
846.5011,113.44334,-2.305969,97.04122,49.017708,102.04255,219.38612
1053.1553,101.85791,-1.2369835,45.414467,5.0,78.43557,5.0
406.86667,560.99335,0.8357926,35.389175,5.0,36.59429,5.0
507.66888,595.7156,1.9764695,42.678055,5.0,49.40037,5.0
894.72003,229.06226,1.7460628,45.250916,5.0,42.1682,5.0
302.31113,137.8889,-2.9689045,254.39784,36.245987,38.399326,126.28735
370.76666,197.36667,2.0501976,33.042114,5.0,27.791416,5.0
724.9111,445.97775,-2.2812524,50.822063,248.00264,58.336727,65.357605
476.34668,514.67334,1.5284209,37.727375,27.894592,26.156736,71.158905
421.02,651.06,2.1114566,39.739647,83.09868,56.247303,29.722166
879.79193,409.98105,0.919467,41.764538,5.0,60.15818,5.0
624.75867,353.8694,3.1251464,36.557922,5.0,45.432323,5.0
666.7903,250.97961,-2.983604,68.43047,5.0,75.78489,5.0
767.8703,1274.1853,-2.6570942,562.3443,5.0,389.66742,5.0
419.97717,331.75525,2.7268958,24.730762,5.0,26.702026,5.0
163.9507,499.38116,0.66082937,95.14934,5.0,197.90523,5.0
487.75372,430.3324,1.2832695,24.765495,5.0,25.55585,5.0
26.07888,726.50745,1.6050785,42.338757,169.51117,23.571795,99.42867
625.0565,514.3762,3.141481,44.54046,5.0,41.1841,5.0
566.4183,-8.500157,-3.0598133,111.79816,5.0,54.979897,5.0
-11.363335,773.7733,-1.6123506,59.63504,5.0,22.908537,5.0
12.648888,849.8356,-0.6624772,59.986183,60.814922,11.41872,367.61307
353.00003,889.5033,0.43696505,100.54799,5.0,58.74664,5.0
106.96001,933.5867,0.44161475,90.58086,5.0,42.55036,5.0
23.561886,391.53024,1.228411,71.07979,5.0,89.76901,5.0
431.87112,790.38226,0.3482389,130.66035,51.47131,52.06849,14.549893
234.19234,716.5393,-3.0167837,64.21699,5.0,65.40389,5.0
216.06332,838.31335,2.5463347,67.30405,35.679398,51.29665,66.12547
103.2903,754.5786,-2.8882964,42.75801,5.0,45.36267,5.0
316.01306,728.4245,3.0514622,50.190063,5.0,46.007065,5.0
765.7245,1044.9645,-2.2655346,189.58574,5.0,225.77281,5.0
Edges,47
0,0,18,0
0,1,10,2
0,2,3,0
0,3,19,0
1,0,17,2
1,1,5,0
1,2,8,2
1,3,14,0
2,0,18,2
2,1,20,0
2,2,15,0
2,3,16,0
3,2,9,1
4,0,16,2
4,1,8,0
4,2,5,2
4,3,23,2
6,0,12,1
6,2,13,0
7,0,12,2
7,2,13,3
9,0,28,0
9,2,10,0
9,3,23,0
11,0,22,2
11,1,34,2
11,2,14,2
11,3,15,2
12,0,20,2
12,3,22,0
13,1,30,2
13,2,29,1
17,0,25,3
19,2,21,0
21,1,28,2
21,2,24,2
21,3,30,0
24,0,25,2
25,0,27,2
25,1,32,0
26,0,29,3
26,2,31,2
27,0,31,1
29,0,34,0
29,2,33,2
31,0,32,2
31,3,33,0
Region,0
BeadsKnotEnd
