BeadsKnot,0
Nodes,36
1073.0488,159.00888,-0.49256665,368.63797,151.44518,233.56018,95.01787
465.3562,353.27814,-2.7686129,191.22198,111.55799,116.02213,68.00023
262.24445,61.38333,-0.44757602,88.40637,168.56898,247.06758,274.60406
119.7991,964.05096,-0.6452716,95.29019,80.69016,56.969215,71.6307
232.57303,1020.5388,0.9211072,70.98399,5.0,21.518803,5.0
509.349,798.1208,-0.64184934,37.375656,55.004467,111.127815,79.06878
313.30017,900.2738,2.5730734,113.52901,44.040066,110.30975,76.55119
178.2329,839.5718,-1.8431993,38.076664,5.0,29.700344,5.0
381.4029,768.2604,-1.9953663,43.32165,5.0,15.437672,5.0
97.213684,1072.0791,-1.4880916,64.56457,5.0,23.116213,5.0
119.45822,1169.7803,-0.79096085,439.20825,104.93921,23.755465,44.8444
53.02213,837.1133,-1.1960149,51.813457,5.0,69.9827,5.0
515.39844,636.9901,-3.0077577,71.763306,5.0,72.791855,5.0
683.7353,-121.68606,-3.0684714,113.34909,5.0,316.27704,5.0
901.89233,923.04224,1.1186283,329.42688,5.0,176.34013,5.0
671.94366,11.304392,-0.31037924,125.5629,5.0,154.17545,5.0
748.5762,327.05237,-0.25851262,105.09272,5.0,98.11807,5.0
-33.201275,989.5676,-1.966788,69.67715,5.0,97.23424,5.0
-159.8932,984.9288,-1.7312567,122.41737,5.0,71.403465,5.0
1037.0586,1084.7869,-2.3346272,354.9843,5.0,398.40512,5.0
443.9872,924.63586,1.0626413,41.432735,5.0,14.515991,5.0
373.06232,1111.6001,-3.1107757,92.77306,5.0,135.60782,5.0
-127.45555,1132.7389,-0.35984346,72.333755,59.92739,17.31969,195.15474
11.911102,1143.0177,-0.6270739,41.47558,5.0,44.411755,5.0
706.4286,639.1947,-0.99046504,91.976524,58.25995,107.77786,71.07358
773.74115,850.71014,-1.9997369,85.78495,5.0,76.49897,5.0
-211.24768,592.98926,1.1488465,250.60616,5.0,439.2678,5.0
571.47314,505.357,2.3615363,49.67483,5.0,57.094097,5.0
566.61664,869.9455,2.000295,30.755928,5.0,48.27291,5.0
598.4311,982.1333,1.8563609,39.12671,85.42822,125.366,78.29583
-92.43999,825.72003,-0.6922716,48.49074,66.81271,156.64494,58.07396
51.335896,485.82986,-2.4882245,137.11615,5.0,148.5886,5.0
433.88,166.96002,2.526307,62.058495,5.0,72.21339,5.0
774.5336,570.1963,-2.117915,25.178633,5.0,57.415684,5.0
924.74,523.62665,-2.0647383,59.3524,46.15398,114.83884,96.077126
1035.8156,311.8889,-1.637366,80.169205,5.0,41.548878,5.0
Edges,48
0,0,19,2
0,1,13,2
0,2,15,0
0,3,35,2
1,0,31,2
1,1,27,0
1,2,16,2
1,3,32,2
2,0,32,0
2,1,15,2
2,2,13,0
2,3,26,0
3,0,4,2
3,1,7,0
3,2,11,0
3,3,9,2
4,0,6,1
5,0,28,0
5,1,12,0
5,2,8,2
5,3,20,0
6,0,7,2
6,2,20,2
6,3,8,0
9,0,10,2
10,0,19,0
10,1,21,0
10,3,23,0
11,2,30,1
12,2,24,3
14,0,34,1
14,2,29,2
16,0,34,3
17,0,22,1
17,2,30,0
18,0,22,2
18,2,30,3
21,2,29,1
22,0,23,2
22,3,26,2
24,0,25,2
24,1,33,0
24,2,27,2
25,0,29,3
28,2,29,0
30,2,31,0
33,2,34,0
34,2,35,0
Region,0
BeadsKnotEnd
