BeadsKnot,0
Nodes,36
397.00522,263.65643,-0.6361807,40.18085,62.89288,37.00979,147.27492
1022.8468,435.0461,-1.2642294,386.19528,130.878,61.072075,90.16044
543.3585,355.61325,2.777957,39.13615,36.165806,59.31819,87.90095
338.82312,194.62332,-1.0162783,30.590424,5.0,50.80635,5.0
934.74255,216.29602,-2.5644534,92.98184,48.98869,102.53531,218.88861
1137.3538,258.5914,-1.5078709,47.12817,5.0,79.48277,5.0
951.3941,340.45532,1.4809779,45.25053,5.0,42.49248,5.0
402.76846,99.06192,3.0691855,272.145,36.326855,36.496437,127.305405
453.49744,174.23059,1.7841078,33.11688,5.0,27.656292,5.0
731.2294,506.0298,-2.5457816,50.869827,163.43431,57.727314,65.45659
473.35492,508.05142,1.2602732,37.892567,66.741196,114.14166,71.932
890.1494,511.34576,0.6829432,42.29577,5.0,60.353626,5.0
658.329,391.13858,2.8718193,35.481895,5.0,45.36453,5.0
466.24884,316.7766,2.4676876,24.687147,5.0,26.57276,5.0
506.2023,429.53668,1.0258878,24.630676,5.0,25.359926,5.0
617.07446,546.25336,2.89009,46.392693,5.0,41.12635,5.0
695.76465,26.016876,2.9621627,110.755486,5.0,55.390587,5.0
-61.289124,711.7795,-0.9952881,68.548965,64.546074,116.18756,68.41542
257.19806,838.18494,0.20069388,98.08645,5.0,59.24508,5.0
8.13205,817.0863,0.19929396,88.546104,5.0,36.657227,5.0
359.0361,762.8547,-0.09012013,39.241932,80.95916,50.514935,15.874105
138.17627,753.29736,2.2286391,75.92518,37.21502,51.405376,68.72602
50.91803,643.228,-3.0179024,39.90822,5.0,40.9398,5.0
263.16168,673.0218,2.9684079,51.002754,5.0,48.92107,5.0
745.3877,303.5819,0.06132493,69.45063,5.0,71.07655,5.0
646.3367,1290.5723,0.37351197,342.92096,5.0,414.28522,5.0
376.06427,592.79553,1.705708,52.918056,5.0,54.459198,5.0
760.5873,926.2478,1.1269028,147.44185,5.0,156.32564,5.0
-134.8628,794.04193,-2.065168,60.102,5.0,27.134249,5.0
-164.44897,889.77576,-1.6226889,365.74167,142.91293,26.194881,312.9672
86.48926,457.09784,0.5320672,130.82379,5.0,119.164764,5.0
26.34137,326.85422,-2.2235236,153.03455,5.0,100.5347,5.0
472.938,947.9868,1.8485979,62.16904,143.79599,129.2705,63.830765
434.40198,830.14685,2.0121489,36.342472,5.0,37.343887,5.0
166.75,1004.24994,2.9286554,121.71608,5.0,100.76232,5.0
468.4433,689.24664,-1.3597014,163.58842,5.0,44.24377,5.0
Edges,48
0,0,13,0
0,1,8,2
0,2,3,0
0,3,30,0
1,0,25,0
1,1,5,0
1,2,6,2
1,3,11,0
2,0,13,2
2,1,14,0
2,2,12,0
2,3,24,2
3,2,7,1
4,0,24,0
4,1,6,0
4,2,5,2
4,3,16,2
7,0,31,2
7,2,8,0
7,3,16,0
9,0,15,2
9,1,27,0
9,2,11,2
9,3,12,2
10,0,14,2
10,1,26,0
10,2,35,2
10,3,15,0
17,0,19,2
17,1,22,0
17,2,30,2
17,3,28,2
18,0,20,3
18,2,21,2
19,0,21,1
20,0,33,0
20,1,26,2
20,2,23,2
21,0,22,2
21,3,23,0
25,2,29,0
27,2,32,2
28,0,29,2
29,1,34,0
29,3,31,0
32,0,33,2
32,1,34,2
32,3,35,0
Region,0
BeadsKnotEnd
