BeadsKnot,0
Nodes,42
296.94513,160.00327,-1.5707964,53.73608,87.303024,78.276695,65.74687
81.0,315.0,-1.5707964,53.127197,100.435814,60.59112,126.561104
62.0,534.0,0.0,55.58754,46.033165,69.439674,83.60645
219.0,784.0,0.0,90.62559,102.60444,66.91456,149.96165
680.0,755.0,0.0,201.60693,97.465,40.081448,113.58759
494.27008,667.57324,-0.68935585,63.50832,33.240543,50.91458,63.632534
509.09796,504.4665,-1.5707964,56.086308,48.997482,54.715145,52.813805
582.0979,407.5139,-1.5707964,50.72026,51.151875,55.22498,20.100227
502.0,267.0,0.0,29.695822,62.91928,86.204285,59.636097
607.0,153.0,0.0,75.01239,52.93734,42.06982,36.06177
875.0,256.0,-1.5707964,28.36328,166.74554,72.86588,57.96191
750.0,382.0,-1.5707964,85.789085,77.154976,55.26084,42.461357
493.7706,966.7765,-2.9441972,141.62679,5.0,102.50432,5.0
91.0,678.0,-1.3370532,59.841194,5.0,43.910084,5.0
171.91875,621.93524,2.003204,50.45237,5.0,44.07494,5.0
-64.779144,429.97687,-1.5707964,59.41628,5.0,35.52472,5.0
76.808014,425.76462,1.4063342,31.73491,5.0,36.138023,5.0
193.0,218.0,-2.6476512,51.597256,5.0,35.29726,5.0
246.0,282.0,-2.7291822,45.62402,5.0,45.10659,5.0
413.0,249.0,1.9923055,11.143479,5.0,30.536453,5.0
503.39496,139.47235,-2.3561945,40.78896,5.0,38.390495,5.0
573.0,241.0,0.75408447,32.161427,5.0,11.874232,5.0
463.0,91.0,-2.9441972,61.82272,5.0,86.34039,5.0
761.0,154.0,3.024484,43.432423,5.0,56.558834,5.0
557.0,342.0,2.7805665,18.48588,5.0,8.055776,5.0
766.8751,259.23605,0.7817024,32.041878,5.0,41.058052,5.0
848.0,324.0,-2.158799,20.003616,5.0,26.8137,5.0
911.0,596.0,1.4909663,96.34356,5.0,46.501225,5.0
794.24963,540.96594,-1.8417432,88.49949,5.0,54.078323,5.0
389.0,764.0,-2.9441972,50.46359,5.0,47.519222,5.0
596.9247,750.8375,2.3086114,39.310562,5.0,26.72424,5.0
442.94275,553.5126,-1.8925469,42.72999,5.0,16.23911,5.0
542.0,584.0,1.6351818,3.348692,5.0,6.805891,5.0
476.0204,429.18646,-0.96557605,27.039925,5.0,20.021988,5.0
591.0,466.0,-1.4225122,29.798605,5.0,19.253006,5.0
671.0,392.0,-2.910502,24.409437,5.0,22.633045,5.0
563.8471,618.52716,-2.1598,31.666178,5.0,49.0512,5.0
542.81213,568.9032,1.3664572,16.266722,5.0,7.582759,5.0
620.87744,510.16953,-2.6810293,38.02974,5.0,36.506275,5.0
478.30157,428.04584,-0.8708179,16.619999,5.0,59.314022,5.0
578.675,239.84573,0.8879063,31.287628,5.0,31.027725,5.0
387.05304,247.82999,2.427945,26.473976,5.0,10.839633,5.0
Edges,47
0,1,8,2
0,2,22,0
0,3,17,2
0,0,18,2
1,1,18,0
1,2,17,0
1,3,15,2
1,0,16,0
2,0,14,0
2,1,16,2
2,2,15,0
2,3,13,2
3,0,29,0
3,1,14,2
3,2,13,0
3,3,12,0
4,0,27,2
4,1,28,0
4,2,30,2
4,3,12,2
5,0,30,0
5,1,36,0
5,2,31,0
5,3,29,2
6,1,38,0
6,2,39,0
6,3,31,2
6,0,36,2
7,1,35,0
7,2,24,2
8,1,20,0
8,3,24,0
9,0,23,0
9,1,22,2
9,2,20,2
9,3,40,0
10,1,27,0
10,2,23,2
10,3,25,0
10,0,26,2
11,1,26,0
11,2,25,2
11,3,35,2
11,0,28,2
38,2,7,0
39,2,7,3
40,2,8,0
BeadsKnotEnd
