BeadsKnot,0
Nodes,9
476.0,66.0,2.6779451,129.11005,5.0,163.4166,5.0
420.0,412.0,3.1415927,80.28492,5.0,77.23129,5.0
280.0,435.0,-2.896614,229.46176,93.50486,39.345676,299.83127
601.0,448.0,1.4640607,141.1996,62.70466,61.390755,181.36171
568.0,588.0,1.3258177,46.95931,5.0,83.27643,5.0
335.0,616.0,1.815775,55.417145,5.0,105.692,5.0
69.0,756.0,1.7475052,100.603806,5.0,122.59638,5.0
442.0,756.0,2.2996511,45.8872,234.92676,270.5927,75.150024
834.0,784.0,1.0789871,169.11623,5.0,97.372635,5.0
Edges,12
0,0,2,3
0,2,3,0
1,0,2,2
1,2,3,1
2,0,6,0
2,1,5,0
3,2,4,0
3,3,8,0
4,2,7,3
5,2,7,0
6,2,7,1
7,2,8,2
Region,0
BeadsKnotEnd
