BeadsKnot,0
Nodes,17
188.0,236.0,-0.72331434,38.805737,33.766125,135.8581,164.03583
249.0,298.0,-0.14034554,72.6647,5.0,29.78111,5.0
340.0,265.0,-0.46152353,99.39662,72.19137,39.657352,12.500376
509.0125,201.92387,0.04861864,91.366516,5.0,63.87014,5.0
724.0,250.0,-0.82267296,87.1987,68.448,77.96969,149.40396
799.0,457.0,-1.4366568,87.16714,5.0,78.71325,5.0
750.0,665.0,2.0409217,112.35658,117.782555,126.24897,73.23915
246.0,687.0,2.352409,110.259735,78.26413,168.26984,136.73637
112.00752,453.8401,1.6862544,40.933125,5.0,92.367775,5.0
264.0,207.0,-0.46288204,33.503117,5.0,27.395548,5.0
407.97018,498.7552,-1.7885593,73.58484,5.0,87.393654,5.0
573.6656,933.0495,0.13331781,146.92876,5.0,160.88847,5.0
654.0,449.0,1.7522557,35.010975,5.0,71.22769,5.0
428.3931,102.55629,-3.1166053,95.4257,5.0,301.14432,5.0
504.3907,753.0099,5.6150364E-4,85.2306,5.0,58.1742,5.0
114.55333,837.81665,-0.78539777,35.66605,5.0,39.50332,5.0
194.15111,809.12445,2.750986,44.782223,41.658623,142.59096,37.87011
Edges,23
1,2,0,0
9,2,0,1
0,2,13,0
0,3,8,0
2,3,1,0
10,2,2,0
3,2,2,1
2,2,9,0
4,2,3,0
5,2,4,0
13,2,4,1
4,3,12,0
6,3,5,0
12,2,6,0
14,0,6,1
6,2,11,0
8,2,7,0
16,3,7,1
7,2,14,2
7,3,10,0
11,2,16,2
15,0,16,1
16,0,15,2
Region,0
BeadsKnotEnd
