BeadsKnot,0
Nodes,21
388.2738,61.853462,-3.0428426,336.35315,5.0,170.7667,5.0
216.97488,345.64795,-0.028914666,109.26914,5.0,60.609158,5.0
219.91762,204.85713,3.070039,97.39289,5.0,64.74275,5.0
446.5489,761.45776,2.5497475,188.0673,5.0,296.8868,5.0
783.85205,613.07306,1.0921316,38.48537,5.0,23.068802,5.0
843.6056,436.71667,2.3649006,63.802185,5.0,40.753807,5.0
751.35535,366.26868,-0.40486625,33.4206,60.105152,44.819508,68.63478
725.1251,208.09589,2.9543338,120.96915,44.694317,34.761765,125.09141
541.98846,237.68845,-2.749097,69.31506,5.0,41.89101,5.0
89.75,259.36108,-0.72406685,55.125496,24.97302,56.13607,404.40482
366.53333,282.3111,2.3245692,57.379353,34.05929,170.70364,67.3083
671.5415,304.00244,1.0910589,39.967476,5.0,33.889603,5.0
791.6566,262.2633,1.8492353,29.139458,5.0,33.089108,5.0
731.1556,470.3556,1.8122734,23.994158,5.0,58.24771,5.0
832.07227,539.55554,2.4876313,42.075043,28.192955,43.61048,40.18828
776.4399,711.4562,0.35957158,46.000286,5.0,22.237123,5.0
849.37225,672.1889,2.3081913,50.649002,23.15088,26.167332,29.543674
824.87555,809.4,2.3107505,85.52057,48.841965,295.11014,28.576582
240.50668,924.5933,-0.2783009,200.48566,5.0,237.47876,5.0
900.2489,603.42664,1.9319654,29.532019,5.0,35.854107,5.0
865.23846,738.95044,1.4373316,25.208721,5.0,31.204124,5.0
Edges,28
0,0,9,2
0,2,7,3
1,0,10,1
1,2,9,0
2,0,9,1
2,2,10,0
3,0,10,2
3,2,17,1
4,0,14,1
4,2,16,0
5,0,6,0
5,2,14,3
6,1,12,2
6,2,11,2
6,3,13,0
7,0,8,2
7,1,11,0
7,2,12,0
8,0,10,3
9,3,18,2
13,2,14,0
14,2,19,0
15,0,16,1
15,2,17,0
16,2,20,0
17,2,18,0
19,2,16,3
20,2,17,3
Region,0
BeadsKnotEnd
