BeadsKnot,0
Nodes,73
180.0,305.0,-2.782822,20.702263,5.0,24.969906,5.0
221.0,282.0,2.0344439,43.59575,14.443053,6.070206,45.810593
226.0,289.0,3.1415927,1.7477294,5.0,10.654966,5.0
228.0,545.0,2.6224465,112.94911,5.0,145.44974,5.0
233.0,313.0,1.7894653,8.711922,39.497906,3.753573,42.531227
418.0,272.0,-2.782822,43.00884,35.95521,4.7181787,33.69868
439.0,260.0,-2.6011732,5.576881,36.534065,34.909306,57.688324
476.0,458.0,-2.782822,18.4808,5.0,28.074474,5.0
519.0,279.0,2.9229238,31.20258,5.0,27.955206,5.0
577.0,315.0,1.5707964,11.72713,5.0,12.379152,5.0
629.0,617.0,-2.9229238,70.62825,5.0,102.44275,5.0
728.0,476.0,2.6224465,24.381414,5.0,14.994619,5.0
804.0,427.0,2.0899425,103.867714,5.0,58.597183,5.0
124.0,317.0,1.2120256,8.5704565,5.0,7.2608795,5.0
237.0,320.0,2.0899425,3.2930784,5.0,3.7487307,5.0
240.0,331.0,1.7894653,4.9041433,99.54251,40.99613,50.19869
420.0,462.0,2.0899425,24.79482,5.0,36.22422,5.0
427.0,267.0,0.5191461,5.0748897,5.0,3.9611099,5.0
464.0,626.0,2.9229238,69.7769,45.077564,54.3044,13.357773
465.0,573.0,2.782822,56.021538,17.021336,97.1333,14.46105
577.0,293.0,2.9229238,18.630154,6.3370256,24.750086,31.162937
617.0,570.0,-2.9229238,35.3376,5.0,78.07149,5.0
692.0,466.0,-1.3521274,14.6065855,7.1303806,3.4009075,31.238876
702.0,491.0,2.0899425,6.6209226,5.0,15.764284,5.0
733.0,527.0,2.0899425,10.308986,5.0,12.060042,5.0
758.0,553.0,2.4468544,8.296199,5.0,8.256084,5.0
781.0,579.0,2.2655346,8.310882,5.0,8.71092,5.0
822.0,408.0,-1.2120256,77.58348,5.0,115.76223,5.0
125.0,299.0,2.6224465,141.06142,6.789312,19.495161,31.853907
361.0,428.0,-2.782822,19.300795,5.0,28.307524,5.0
474.0,398.0,-3.041924,31.834406,5.0,45.25337,5.0
457.0,543.0,-1.5707964,11.338049,5.0,18.41586,5.0
461.0,602.0,1.670465,6.797379,5.0,7.8318996,5.0
480.0,306.0,-0.35877067,50.951855,5.0,22.44354,5.0
516.0,235.0,-0.09966865,41.500816,5.0,28.767046,5.0
559.0,429.0,-2.0899425,14.732081,5.0,15.102853,5.0
579.0,337.0,2.9229238,30.699663,18.979221,21.848742,7.436903
583.0,369.0,1.7894653,7.443473,5.0,12.058564,5.0
629.0,662.0,-2.782822,125.39457,5.0,104.41447,5.0
690.0,457.0,-1.3521274,2.6803393,5.0,7.9437056,5.0
298.0,269.0,-2.782822,25.420116,5.0,73.240616,5.0
357.0,385.0,-3.041924,33.634686,5.0,21.525301,5.0
405.76816,402.00565,2.0899425,18.057434,15.696043,22.42555,22.650076
644.0,132.0,-0.35877067,476.4959,5.0,462.46796,5.0
687.0,314.0,1.7894653,147.48999,25.434532,3.3729763,27.894829
109.0,331.0,2.2655346,42.158897,154.73323,39.576523,8.298214
171.0,343.0,0.5191461,18.557898,5.0,12.834621,5.0
175.0,245.0,0.0,7.875101,5.0,24.5082,5.0
336.0,302.0,0.21866895,24.16054,5.0,29.696337,5.0
618.0,460.0,0.0,26.956354,5.0,32.692028,5.0
688.0,324.0,1.670465,4.2021785,5.0,8.697293,5.0
689.0,436.0,-1.5707964,7.9173913,27.352297,19.710312,23.297062
749.0,463.0,1.929567,21.949913,5.0,32.02882,5.0
267.0,398.0,2.0899425,19.384787,5.0,50.024815,5.0
360.0,533.0,-0.69473827,32.463394,5.0,39.9957,5.0
625.0,302.0,-0.09966865,23.559095,5.0,14.118161,5.0
623.0,343.0,-0.09966865,32.33762,5.0,12.312559,5.0
637.0,416.0,-0.21866895,20.925182,5.0,28.410233,5.0
720.0,513.0,0.87605804,14.930813,6.9588356,25.104918,4.457492
502.0,490.0,0.5191461,39.965702,5.0,19.489101,5.0
689.0,345.0,1.5707964,6.335166,18.953993,23.310938,21.370594
301.0,239.0,-2.9229238,27.585068,5.0,58.98445,5.0
317.0,439.0,0.09966865,13.433646,23.964018,7.86928,37.42872
461.0,505.0,2.6224465,14.373805,11.642647,14.210352,21.087711
546.0,453.0,3.1415927,25.280525,11.512414,23.911228,7.830636
744.0,546.0,-1.929567,19.747612,3.3746576,30.294338,6.02108
687.0,394.0,-1.4711276,11.886491,5.0,16.515541,5.0
579.0,401.0,3.041924,32.336143,11.529144,20.027641,12.570192
768.0,569.0,-2.2655346,41.512684,5.9017034,52.338882,7.799618
788.0,598.0,-2.4468544,188.28574,197.3834,66.77681,8.375734
388.0,151.0,-0.09966865,136.40004,5.0,136.38422,5.0
315.0,689.0,2.9229238,254.09584,5.0,170.90659,5.0
74.64576,153.73676,-2.0558445,109.06115,5.0,68.16269,5.0
Edges,97
0,0,28,2
0,2,1,1
1,0,47,0
1,2,2,0
1,3,61,0
2,2,4,0
3,0,15,1
3,2,18,0
4,1,46,0
4,2,14,0
4,3,40,0
5,0,48,0
5,1,33,2
5,2,17,2
5,3,40,2
6,0,17,0
6,1,8,0
6,2,34,2
6,3,61,2
7,0,63,3
7,2,64,0
8,2,20,0
9,0,20,1
9,2,36,3
10,0,18,2
10,2,65,0
11,0,22,1
11,2,58,0
12,0,60,3
12,2,68,2
13,0,28,1
13,2,45,3
14,2,15,0
15,2,53,0
15,3,48,2
16,0,42,2
16,2,63,0
18,1,38,0
18,3,32,2
19,0,54,0
19,1,32,0
19,2,21,0
19,3,31,0
20,2,55,2
20,3,34,0
21,2,58,2
22,0,23,0
22,2,39,0
22,3,49,0
23,2,58,1
24,0,58,3
24,2,65,3
25,0,65,1
25,2,68,3
26,0,68,1
26,2,69,3
27,0,69,2
27,2,44,3
28,0,70,2
28,3,47,2
29,0,62,0
29,2,42,1
30,0,42,3
30,2,67,0
31,2,63,1
33,0,36,0
35,0,64,3
35,2,67,1
36,1,37,0
36,2,56,2
37,2,67,3
38,2,68,0
39,2,51,0
41,0,62,1
41,2,42,0
43,0,69,1
43,2,72,2
44,0,70,0
44,1,55,0
44,2,50,0
45,1,71,0
45,2,46,2
49,2,64,2
50,2,60,0
51,1,52,0
51,2,66,0
51,3,57,0
52,2,65,2
53,2,62,2
54,2,62,3
56,0,60,1
57,2,67,2
59,0,64,1
59,2,63,2
60,2,66,2
69,0,71,2
72,0,45,0
BeadsKnotEnd
