BeadsKnot,0
Nodes,8
464.0,53.0,-3.1071236,192.0186,5.0,174.07375,5.0
435.0,416.0,-3.1071236,98.952156,5.0,70.36393,5.0
599.0,435.0,1.5363272,143.69469,53.247665,61.1133,185.94891
261.0,447.0,-2.809533,258.8615,196.06041,50.186996,202.26788
568.0,580.0,1.4000611,49.8264,5.0,81.89554,5.0
423.0,725.0,2.3561945,85.621895,164.28297,326.0234,72.91623
69.0,754.0,2.0481417,67.62298,5.0,130.73184,5.0
835.0,783.0,1.0934509,181.92462,5.0,70.72844,5.0
Edges,11
0,0,3,3
0,2,2,0
1,0,3,2
1,2,2,1
2,2,4,0
2,3,7,0
3,0,6,0
3,1,5,0
4,2,5,3
5,1,6,2
5,2,7,2
Region,1
1,3,0,6,0,5,1,6,2,3,1,5,0,
BeadsKnotEnd
