BeadsKnot,0
Nodes,90
348.0,404.0,-1.5707964,22.119133,39.548183,22.546587,30.988789
348.0,507.0,0.0,20.098751,27.068596,26.18851,31.743824
462.0,361.0,0.0,29.014061,35.652172,42.18815,32.60449
455.0,548.0,-1.5707964,14.195759,21.95797,28.678658,25.198952
538.0,449.0,-1.5707964,18.059702,29.24642,32.129486,57.476345
403.0,384.0,0.69473827,12.197328,5.0,10.892078,5.0
347.0,453.0,1.5182133,13.429735,5.0,16.782188,5.0
397.0,519.0,2.5782764,16.275864,5.0,23.990976,5.0
467.0,482.0,-2.0647378,21.429733,5.0,11.148111,5.0
496.0,404.0,-0.4048918,17.565275,5.0,11.968565,5.0
389.0,303.0,0.0,25.526453,26.777138,30.799398,21.036407
248.0,460.0,-1.5707964,16.918373,19.291267,26.01453,19.421377
394.0,605.0,0.0,17.830097,18.371151,23.149218,26.495451
551.0,537.0,0.0,31.219772,22.405966,27.293257,28.975037
588.0,364.0,-1.5707964,33.417957,19.119404,26.088526,30.43973
450.0,314.0,2.709185,19.59371,5.0,7.1423626,5.0
364.0,353.0,0.5880026,18.645195,5.0,17.712538,5.0
290.0,412.0,0.13255154,17.944078,5.0,23.258009,5.0
289.0,490.0,2.003204,18.852827,5.0,20.409576,5.0
351.0,574.0,1.6421038,19.562906,5.0,17.803782,5.0
426.0,573.0,3.1415927,17.470524,5.0,16.305552,5.0
501.0,548.0,3.1415927,13.373237,5.0,15.780255,5.0
528.0,489.0,0.7853982,13.260145,5.0,20.87465,5.0
578.0,437.0,-2.2655346,6.626377,5.0,24.055368,5.0
527.0,369.0,0.0,18.48707,5.0,22.190718,5.0
263.0,297.0,-1.5707964,28.156893,27.122417,40.079914,26.913418
206.0,374.0,0.0,17.853712,33.57018,23.875818,42.80638
303.0,625.0,0.0,27.50889,38.72885,28.669836,43.221706
498.0,652.0,-1.5707964,48.587894,15.158286,15.602611,27.536137
570.0,615.0,-1.5707964,20.938637,47.18005,20.185946,28.425982
644.0,489.0,-1.5707964,41.119335,31.10801,24.854673,43.610382
660.0,403.0,0.0,26.2209,58.369972,16.078772,16.119867
571.0,258.0,0.0,32.491127,38.11544,20.661436,35.40772
478.0,225.0,-1.5707964,22.885601,19.503124,23.037415,68.65454
525.0,247.0,2.3086114,18.263596,5.0,15.372839,5.0
582.0,317.0,2.003204,15.451027,5.0,12.663102,5.0
428.0,255.0,0.071307465,23.23361,5.0,21.19142,5.0
327.0,304.0,-0.071307465,19.18655,5.0,21.443722,5.0
250.0,346.0,-1.076855,16.932888,5.0,21.396984,5.0
228.0,414.0,1.2924967,21.322596,5.0,21.845245,5.0
245.0,537.0,0.0,19.574953,16.642935,41.339104,17.421062
217.0,491.0,0.43240777,16.243858,5.0,23.697474,5.0
286.0,568.0,2.2142975,19.003305,5.0,12.361904,5.0
366.0,651.0,2.819842,25.302134,5.0,17.326208,5.0
435.0,630.0,2.1224513,17.904106,5.0,22.491486,5.0
514.0,621.0,-3.0791738,11.066423,5.0,17.574808,5.0
543.0,590.0,0.14189705,11.116472,5.0,17.097631,5.0
590.0,520.0,-2.0576956,5.4492297,5.0,9.175454,5.0
637.0,440.0,0.49394137,16.338993,5.0,16.269405,5.0
626.0,388.0,-1.3101939,11.91831,5.0,14.777454,5.0
639.0,307.0,1.9832067,30.44104,5.0,26.102983,5.0
336.0,230.0,0.1746722,45.598007,5.0,36.394825,5.0
175.0,474.0,1.4382448,37.58188,5.0,34.662067,5.0
386.0,690.0,3.009041,46.194702,5.0,45.001827,5.0
634.0,578.0,-2.3191743,14.44891,5.0,29.036915,5.0
742.0,459.0,0.0,25.96857,37.406433,36.839905,35.622467
541.0,157.0,-1.5707964,31.987625,42.752777,26.86543,40.78581
146.0,306.0,0.0,30.45845,47.448303,53.447407,34.583347
204.0,627.0,-1.5707964,48.26279,21.528183,23.57141,44.977516
571.0,711.0,0.0,48.791912,25.724705,27.371159,34.709755
571.0,659.0,1.6421038,12.684309,5.0,16.674835,5.0
526.0,668.0,1.4464413,10.064828,5.0,22.904573,5.0
690.0,477.0,0.6857295,10.432787,5.0,9.44711,5.0
717.0,412.0,-0.5191461,7.7557554,5.0,18.633245,5.0
555.0,203.0,2.2896264,9.123275,5.0,11.224645,5.0
488.0,174.0,0.9652517,8.161116,5.0,16.59891,5.0
209.0,302.0,-3.0750246,20.118954,5.0,17.116693,5.0
154.0,366.0,2.0647378,15.871239,5.0,17.177532,5.0
228.0,575.0,-2.6476512,19.059702,5.0,13.570952,5.0
248.0,629.0,2.9996955,12.130932,5.0,17.177305,5.0
375.0,762.0,0.0,56.55756,38.97159,107.22692,72.254
721.0,630.0,-1.5707964,85.3082,94.09693,38.709583,62.22573
729.0,254.0,0.0,87.88609,117.611145,39.240055,68.513916
334.0,137.0,-1.5707964,56.497414,65.37602,113.69214,188.75568
83.0,456.0,0.0,43.404964,51.704052,94.305695,138.11661
83.0,351.0,-1.6814536,29.134157,5.0,13.020292,5.0
125.0,547.0,1.849096,34.062313,5.0,40.894558,5.0
280.0,702.0,2.3561945,39.631298,5.0,52.99073,5.0
502.0,768.0,-3.0750246,40.80614,5.0,35.90382,5.0
637.0,676.0,-2.3086114,14.187973,5.0,18.729872,5.0
729.0,541.0,-1.6373645,28.926764,5.0,28.45198,5.0
752.0,366.0,-1.1383885,65.026665,5.0,30.19211,5.0
642.0,202.0,-0.7853982,36.79649,5.0,37.91166,5.0
456.0,120.0,0.0,55.777622,5.0,35.76664,5.0
221.0,213.0,0.27094686,48.415485,5.0,43.307762,5.0
86.0,245.0,0.8288491,50.060833,5.0,93.26114,5.0
129.0,690.0,1.849096,67.32093,5.0,88.19135,5.0
598.0,809.0,-2.70175,142.92389,5.0,77.34915,5.0
856.0,442.0,-1.5707964,103.147804,5.0,93.15464,5.0
577.0,97.0,-0.23554498,66.527,5.0,77.652176,5.0
Edges,120
0,1,5,2
0,2,16,2
0,3,17,0
0,0,6,0
1,0,7,0
1,1,6,2
1,2,18,2
1,3,19,0
2,0,24,2
2,1,15,2
2,2,5,0
2,3,9,2
3,1,21,0
3,2,8,0
3,3,7,2
3,0,20,2
4,1,23,0
4,2,9,0
4,3,8,2
4,0,22,0
10,0,15,0
10,1,36,2
10,2,37,0
10,3,16,0
11,1,18,0
11,2,17,2
11,3,39,2
11,0,41,0
12,0,44,0
12,1,20,0
12,2,19,2
12,3,43,2
13,0,47,0
13,1,22,2
13,2,21,2
13,3,46,2
14,1,49,2
14,2,35,2
14,3,24,0
14,0,23,2
25,1,37,2
25,2,51,2
25,3,66,2
25,0,38,0
26,0,39,0
26,1,38,2
26,2,67,2
26,3,52,0
27,0,43,0
27,1,42,2
27,2,69,2
27,3,53,0
28,1,61,0
28,2,45,0
28,3,44,2
28,0,53,2
29,1,54,0
29,2,46,0
29,3,45,2
29,0,60,0
30,1,62,2
30,2,48,2
30,3,47,2
30,0,54,2
31,0,63,2
31,1,50,2
31,2,49,0
31,3,48,0
32,0,50,0
32,1,64,2
32,2,34,2
32,3,35,0
33,1,34,0
33,2,65,2
33,3,51,0
33,0,36,0
40,0,42,0
40,1,41,2
40,2,52,2
40,3,68,2
55,0,81,0
55,1,63,0
55,2,62,0
55,3,80,2
56,1,82,2
56,2,83,0
56,3,65,0
56,0,64,0
57,0,66,0
57,1,84,2
57,2,75,2
57,3,67,0
58,1,69,0
58,2,68,0
58,3,76,2
58,0,77,0
59,0,79,0
59,1,60,2
59,2,61,2
59,3,78,2
70,0,78,0
70,1,77,2
70,2,86,2
70,3,87,0
71,1,88,0
71,2,80,0
71,3,79,2
71,0,87,2
72,0,88,2
72,1,89,0
72,2,82,0
72,3,81,2
73,1,83,2
73,2,89,2
73,3,85,0
73,0,84,0
74,0,76,0
74,1,75,0
74,2,85,2
74,3,86,0
BeadsKnotEnd
