BeadsKnot,0
Nodes,12
598.29755,123.034645,-0.7738645,72.7736,5.0,95.83213,5.0
618.0,301.0,-3.7286153,97.242485,65.36282,102.90053,64.28179
334.27554,296.12595,1.8768574,68.39427,115.265465,115.242714,59.661064
236.76723,540.11505,1.7637016,107.44319,5.0,149.94891,5.0
475.9672,279.7792,0.22763704,27.405293,5.0,48.82527,5.0
684.389,538.89026,-2.0969517,120.69128,5.0,89.815865,5.0
477.94986,393.26318,0.2184524,57.990646,5.0,34.377884,5.0
454.81635,0.05450821,2.2860875,141.72835,99.64129,55.9537,247.92987
461.11566,733.76,2.3881752,94.65732,245.58365,205.77562,106.10134
70.46976,376.51532,-1.7314411,291.32263,5.0,416.71906,5.0
323.88406,133.72122,-2.0289748,55.17699,5.0,57.51195,5.0
886.0862,354.27823,-1.5788,380.14774,5.0,263.38437,5.0
Edges,16
0,0,1,3
0,2,7,2
1,1,6,0
1,2,5,2
1,0,4,0
2,0,10,0
2,1,3,0
2,2,6,2
2,3,4,2
3,2,8,0
5,0,8,3
7,0,9,2
7,1,10,2
7,3,11,2
8,1,9,0
8,2,11,0
BeadsKnotEnd
