BeadsKnot,0
Nodes,12
598.29755,123.034645,-0.94024855,71.659134,5.0,105.97872,5.0
618.0,301.0,2.6269546,92.16494,65.601204,103.52625,61.924007
334.27554,296.12595,1.8612559,67.29408,111.023735,115.63963,64.49402
237.67313,543.54553,1.7467368,114.36024,5.0,159.3521,5.0
477.94986,393.26318,0.27341616,60.16949,5.0,34.56234,5.0
454.81635,0.05450821,2.3407273,171.14987,94.92432,56.113564,220.14342
457.98022,743.18787,2.5010667,87.66166,322.9814,144.84744,112.92311
323.88406,133.72122,-1.871823,54.613735,5.0,59.70875,5.0
491.35712,275.05576,0.3104379,22.831926,5.0,54.071175,5.0
752.18146,367.33258,1.627268,183.94359,5.0,343.0006,5.0
674.3751,554.0667,1.0267615,103.70362,5.0,102.953514,5.0
827.79486,385.03418,1.5707964,534.97845,5.0,512.70026,5.0
Edges,16
0,0,1,3
0,2,5,2
1,0,8,0
1,1,4,0
1,2,10,0
2,0,7,0
2,1,3,0
2,2,4,2
2,3,8,2
3,2,6,0
5,0,11,0
5,1,7,2
5,3,9,0
6,1,11,2
6,2,9,2
6,3,10,2
BeadsKnotEnd
