BeadsKnot,0
Nodes,40
217.0,230.0,0.0,66.0025,134.17313,242.3779,91.330986
347.0,365.0,0.0,28.712212,52.839672,52.846245,46.710136
147.23416,616.16284,-1.5707964,224.61786,40.209713,81.51481,111.47873
362.1388,583.3616,-1.5707964,98.20712,46.61636,15.550224,64.58386
445.8385,506.44833,-1.5707964,53.099304,60.704395,35.526962,64.26152
488.8194,310.77203,0.0,80.03386,91.38096,41.36531,29.412766
709.3794,482.6957,0.0,74.58763,103.29746,30.072943,45.16669
665.0,190.0,0.0,59.714046,147.26407,58.09944,41.527954
838.0,254.0,0.0,164.67436,70.27439,49.84232,72.731186
750.53894,871.1996,-1.5707964,217.52696,106.28596,71.201416,53.669876
623.16284,755.0777,-1.5707964,70.31152,54.811604,32.87641,53.398968
533.37067,655.19653,-1.5707964,41.603928,37.99314,55.80672,55.674084
440.1831,-6.527478,3.1415927,122.79511,5.0,107.51849,5.0
237.72032,359.40833,2.5678134,26.206312,5.0,34.217693,5.0
-57.381416,451.09976,1.610775,68.6917,5.0,93.14179,5.0
775.0,173.0,3.1415927,32.31418,5.0,18.595736,5.0
728.0,248.0,3.0172377,31.07125,5.0,32.17531,5.0
361.0077,239.51416,2.2565258,47.42459,5.0,46.69426,5.0
275.0,458.0,0.98279375,42.03684,5.0,71.74323,5.0
289.7623,894.40735,2.5899377,50.962074,5.0,161.73117,5.0
250.16216,633.12897,-3.024484,37.62463,5.0,40.69615,5.0
926.0,616.0,1.2571757,133.972,5.0,155.14221,5.0
414.0,372.0,3.024484,22.199432,5.0,39.673508,5.0
492.21265,125.05301,-2.1193457,57.721024,5.0,72.58139,5.0
668.66064,336.5644,2.3162158,62.0427,5.0,30.93506,5.0
812.83624,418.10477,-2.3561945,27.390793,5.0,55.55998,5.0
738.17755,763.1489,2.570312,36.36892,5.0,24.68863,5.0
635.26965,858.9945,-0.4048918,36.24577,5.0,22.818958,5.0
505.12143,754.0688,-1.6171274,40.625893,5.0,37.116497,5.0
612.0,695.0,1.6211903,29.44699,5.0,19.001764,5.0
656.2188,585.6237,-1.6421038,51.883854,5.0,43.30578,5.0
406.2508,718.8684,-0.8338375,58.66194,5.0,27.822014,5.0
311.2403,501.70163,-3.2739782,48.2804,5.0,38.827404,5.0
488.8194,606.8918,-1.9963279,47.12047,5.0,41.375957,5.0
543.1111,475.68686,-2.75454,26.98114,5.0,32.156055,5.0
477.5086,412.34656,-1.3139452,36.49885,5.0,24.93422,5.0
558.14935,477.42944,-2.87327,15.036032,5.0,49.755615,5.0
518.2274,365.06372,-1.5494244,21.890356,5.0,22.842583,5.0
566.8637,479.0801,-2.8922105,7.7483606,5.0,57.697765,5.0
622.2865,465.50717,-3.046714,28.414553,5.0,36.29145,5.0
Edges,50
0,0,17,0
0,1,12,0
0,2,14,0
0,3,13,0
1,0,22,0
1,1,17,2
1,2,13,2
1,3,18,0
2,1,20,0
2,2,18,2
2,3,14,2
2,0,19,0
3,1,33,0
3,2,32,0
3,3,20,2
3,0,31,2
4,1,34,0
4,2,35,0
4,3,32,2
4,0,33,2
5,0,24,0
5,1,23,0
5,2,22,2
5,3,37,2
6,0,25,0
6,1,24,2
6,3,30,2
7,0,15,0
7,1,12,2
7,2,23,2
7,3,16,0
8,0,21,0
8,1,15,2
8,2,16,2
8,3,25,2
9,1,21,2
9,2,26,2
9,3,27,0
9,0,19,2
10,1,26,0
10,2,29,2
10,3,28,0
10,0,27,2
11,1,29,0
11,2,30,0
11,3,31,0
11,0,28,2
34,2,39,0
37,0,35,2
39,2,6,2
BeadsKnotEnd
