BeadsKnot,0
Nodes,40
245.0,220.0,0.0,34.28275,116.99336,162.25204,59.273937
350.0,351.0,0.0,47.738834,68.7154,34.272682,72.92714
460.13266,758.81177,-1.5707964,67.334465,105.00025,59.391815,79.29089
554.8682,590.5229,-1.5707964,58.645317,37.10804,46.273727,97.78506
516.8082,400.22305,0.0,38.003963,60.532436,24.12412,46.55707
601.0015,454.42966,-1.5707964,91.2503,42.845142,40.428673,37.9213
760.1614,450.96967,-1.5707964,49.493107,36.969242,51.780827,37.35511
975.83453,399.0697,-1.5707964,75.19946,143.46164,61.47519,60.39811
949.0,289.0,0.0,148.773,85.89058,61.920254,34.23551
729.0,170.0,0.0,71.0913,68.151566,84.96039,68.35516
762.99976,921.2988,-1.5707964,210.9117,161.02353,127.75885,65.005135
118.0,556.0,-1.5707964,381.49112,79.02929,54.930946,106.895744
306.48846,1001.9897,2.7860117,62.898598,5.0,155.63806,5.0
54.0,316.0,-1.9347752,94.1982,5.0,28.97675,5.0
271.0,309.0,2.158799,21.152903,5.0,30.482418,5.0
329.0,251.0,-0.7853982,21.203169,5.0,30.414913,5.0
210.0,454.0,0.7378151,58.42101,5.0,48.545307,5.0
274.4332,688.06915,3.006065,74.77145,5.0,72.51314,5.0
497.0,98.0,-3.024484,102.10866,5.0,148.48663,5.0
611.0,280.0,1.080839,48.250122,5.0,54.526714,5.0
462.0,371.0,2.7610862,36.58837,5.0,23.224928,5.0
881.0,184.0,2.7509856,49.486866,5.0,21.482786,5.0
1010.49054,598.707,0.8787342,135.0906,5.0,176.10767,5.0
609.0748,869.6293,-0.5633163,56.03531,5.0,87.40983,5.0
446.45493,645.8828,-1.5707964,33.23144,5.0,13.5606165,5.0
582.5482,700.0894,1.2924967,36.757736,5.0,17.040773,5.0
474.13492,519.01624,-1.4382448,43.033142,5.0,47.926994,5.0
652.9015,549.0029,-2.5173435,23.756845,5.0,26.39574,5.0
620.60815,414.06302,2.536048,33.991997,5.0,24.780787,5.0
804.0,259.0,-0.3708913,48.470284,5.0,27.999754,5.0
682.8881,388.68973,3.1415927,43.32346,5.0,37.458473,5.0
764.0,471.0,4.382987,39.55415,5.0,19.851063,5.0
854.0,442.0,2.5027134,29.698816,5.0,7.98678,5.0
828.0,422.0,0.071307465,29.794195,5.0,10.151677,5.0
859.34796,622.81616,1.0679531,42.702847,5.0,110.05917,5.0
912.0,343.0,-2.0344439,27.11491,5.0,24.151537,5.0
675.96814,538.6229,3.0124211,39.71461,5.0,57.93038,5.0
848.96796,483.26297,2.504922,32.621372,5.0,65.65279,5.0
817.828,340.24976,0.19909312,64.97986,5.0,42.482437,5.0
820.91565,423.98413,-2.5649107,25.930098,5.0,28.687271,5.0
Edges,45
0,0,15,2
0,1,18,0
0,2,13,2
0,3,14,0
1,0,20,0
1,1,15,0
1,2,14,2
1,3,16,0
2,1,25,2
2,2,24,0
2,3,17,2
2,0,23,2
3,1,5,0
3,2,26,0
3,3,24,2
3,0,25,0
4,0,5,3
4,1,19,2
4,2,20,2
4,3,26,2
5,1,36,0
5,2,30,0
6,1,37,0
6,3,30,2
7,1,34,0
7,2,8,3
7,3,38,0
7,0,37,2
8,0,22,0
8,1,21,2
8,2,29,0
9,0,21,0
9,1,18,2
9,2,19,0
9,3,29,2
10,1,22,2
10,2,34,2
10,3,23,0
10,0,12,2
11,1,17,0
11,2,16,2
11,3,13,0
11,0,12,0
36,2,6,0
6,2,38,2
BeadsKnotEnd
