BeadsKnot,0
Nodes,37
397.0,150.0,-2.3561945,56.415657,32.38463,81.51303,78.30875
381.0,235.0,-1.2277724,53.00692,5.0,16.391197,5.0
454.74597,282.9521,-1.7033479,43.886814,41.470325,28.937595,19.739594
542.0,298.0,-0.066568166,41.489075,5.0,28.50531,5.0
634.0,322.0,-0.6055447,82.40341,136.99336,30.98287,75.96438
771.0,455.0,-1.4382448,80.88452,5.0,64.661644,5.0
682.0,642.0,-4.1243863,44.036266,40.704784,75.98655,72.841446
599.0,685.0,-2.7291822,37.8562,5.0,29.096222,5.0
509.0,703.0,3.1415927,32.55861,26.720936,29.930769,66.82845
433.0,665.0,2.2730532,36.12922,5.0,29.922422,5.0
398.73785,580.5473,0.13255143,36.62126,30.29807,61.14153,30.962326
392.0,521.0,1.5707964,21.862143,5.0,23.570251,5.0
389.0,476.0,1.5707964,27.664003,59.73135,53.740192,31.573795
387.0,430.0,1.5707964,23.202503,5.0,14.263376,5.0
404.58948,377.4135,-0.35899195,43.46778,39.195194,92.476585,57.932404
444.0,345.0,0.7853982,16.668863,5.0,19.523926,5.0
464.77728,197.68607,2.0647378,25.91635,5.0,26.875292,5.0
184.0,235.0,-2.158799,165.09341,5.0,125.96424,5.0
157.0,463.0,-1.1383885,36.467983,72.90945,36.990715,88.550934
180.55713,556.305,-0.7378151,62.707527,5.0,35.801506,5.0
264.1513,590.5786,-1.5707964,73.86584,39.737953,38.935047,16.539362
333.0,558.0,0.071307465,31.285753,5.0,18.864561,5.0
486.0,604.0,-0.857009,22.099407,5.0,32.637573,5.0
465.0,755.0,-2.3561945,36.92126,5.0,24.707907,5.0
388.0,802.0,-2.7985687,103.883736,55.275814,29.781326,75.824394
148.0,744.0,2.003204,156.2288,5.0,85.87276,5.0
269.0,388.0,0.4636476,25.592941,5.0,39.25731,5.0
488.0,412.0,-0.49394137,46.432846,5.0,25.666025,5.0
570.0,451.0,-2.3086114,44.015438,58.591667,42.53705,27.609905
656.0,534.0,-1.3101939,40.458206,5.0,37.133366,5.0
590.0,816.0,-2.819842,120.748985,5.0,88.03348,5.0
302.0,700.0,2.1224513,26.81275,5.0,41.00494,5.0
301.0,496.0,0.7378151,19.158514,5.0,34.61457,5.0
463.0,489.0,0.0,41.060596,5.0,26.347473,5.0
611.0,399.0,1.080839,25.296268,5.0,19.819555,5.0
595.0,105.0,2.7049656,70.462944,5.0,57.172634,5.0
441.3709,201.86577,2.1238284,19.999506,5.0,31.643639,5.0
Edges,43
0,0,1,2
0,1,36,0
0,2,35,0
0,3,17,2
1,0,2,3
2,1,3,2
2,0,14,1
3,0,4,2
4,0,5,2
4,1,35,2
4,3,28,2
5,0,6,3
6,1,7,2
6,2,30,2
6,0,29,0
7,0,8,2
8,0,9,2
8,1,23,2
8,3,22,0
9,0,10,3
10,2,20,1
10,0,22,2
12,2,10,1
12,1,32,0
12,3,33,2
14,3,12,0
14,2,26,0
14,0,27,2
17,0,18,2
18,0,19,2
18,1,26,2
18,3,25,0
19,0,20,3
20,2,32,2
20,0,31,0
23,0,24,2
24,0,25,2
24,1,30,0
24,3,31,2
27,0,28,3
28,1,29,2
28,0,33,0
36,2,2,2
BeadsKnotEnd
